24
x0 : 5.115118
x1 : 2.451864
x2 : -2.927811
x3 : 1.426210
x4 : -1.157417
x5 : 6.823476
x6 : 1.056421
x7 : 2.810616
x8 : 5.904284
x9 : 1.530419
x10 : -1.622561
x11 : 1.796024
x12 : -1.728250
x13 : -1.862828
x14 : 7.445944
x15 : 5.499241
x16 : 4.109170
x17 : 4.795875
x18 : 2.398479
x19 : 5.162682
x20 : -2.039442
x21 : -7.085075
x22 : 5.269317
x23 : -4.398377
0.000000