16
x0 : -2.009309
x1 : -2.015326
x2 : -3.782659
x3 : -4.089380
x4 : 2.096344
x5 : 1.051163
x6 : 1.866920
x7 : -2.014789
x8 : 3.214120
x9 : 1.545003
x10 : -3.086546
x11 : 0.515974
x12 : 10.025562
x13 : 10.336598
x14 : -6.599082
x15 : 7.050585
0.000000