7
x0 : -1.440953
x1 : 5.036052
x2 : -1.522058
x3 : -4.341182
x4 : 4.106568
x5 : 4.118313
x6 : 3.882281
0.000000