9
x0 : -7.237464
x1 : 5.581297
x2 : -3.719851
x3 : -10.183822
x4 : -7.769780
x5 : 5.204902
x6 : -1.730391
x7 : 5.897697
x8 : -7.470247
0.000000