32
x0 : 0.594597
x1 : -15.868876
x2 : -3.322563
x3 : -1.918715
x4 : 5.798898
x5 : -1.317963
x6 : 8.759420
x7 : -3.167297
x8 : 4.739877
x9 : 0.772941
x10 : -3.921768
x11 : 2.646138
x12 : 6.719144
x13 : -1.961146
x14 : -5.366654
x15 : 4.848794
x16 : -9.346067
x17 : 8.027716
x18 : 4.454370
x19 : 3.521896
x20 : 5.798513
x21 : 0.620762
x22 : 4.010528
x23 : 2.538385
x24 : -3.399803
x25 : 3.821739
x26 : -10.696643
x27 : -2.657655
x28 : 4.115678
x29 : -2.505623
x30 : -6.291663
x31 : -6.755311
0.000000