3
x0 : 2.805151
x1 : 0.409502
x2 : -1.379471
0.000000