4
x0 : 34.421566
x1 : -28.507507
x2 : -24.180370
x3 : -5.046705
0.000000