5
x0 : 7.466182
x1 : 12.709721
x2 : 1.159172
x3 : 5.395200
x4 : 8.344470
0.000000