12
x0 : -6.269248
x1 : 4.251198
x2 : -2.303734
x3 : 1.299261
x4 : -4.920690
x5 : -2.504002
x6 : -8.300145
x7 : -1.477556
x8 : -4.339134
x9 : -5.203034
x10 : 4.618657
x11 : -6.976037
0.000000