32
x0 : 1.200483
x1 : 1.158611
x2 : 1.594239
x3 : 0.166005
x4 : 1.710798
x5 : 1.801922
x6 : 1.220548
x7 : 1.386428
x8 : 0.958678
x9 : -0.213381
x10 : 1.563813
x11 : 2.239414
x12 : 0.293457
x13 : 0.199223
x14 : 1.542796
x15 : 2.730713
x16 : 2.645681
x17 : 2.106283
x18 : 0.203795
x19 : -0.351376
x20 : -0.778013
x21 : 0.290373
x22 : 1.644817
x23 : 2.956786
x24 : 3.693313
x25 : 1.225411
x26 : 0.679805
x27 : 0.399413
x28 : -0.031147
x29 : 0.623919
x30 : 1.888847
x31 : 1.645662
0.000000