4
x0 : 1.199931
x1 : 1.200762
x2 : 1.198188
x3 : 1.201169
0.000000