16
x0 : 1.201568
x1 : 1.173602
x2 : 1.260496
x3 : 1.244426
x4 : 1.403662
x5 : 0.444684
x6 : 0.752322
x7 : 1.805505
x8 : 2.525773
x9 : 1.637263
x10 : 0.707327
x11 : -0.007822
x12 : 0.139721
x13 : 1.551384
x14 : 2.224458
x15 : 1.141567
0.000000