7
x0 : 1.199610
x1 : 1.212148
x2 : 1.114923
x3 : 1.412109
x4 : 1.013125
x5 : 1.201968
x6 : 1.246869
0.000000