5
x0 : 1.200397
x1 : 1.193289
x2 : 1.227062
x3 : 1.161077
x4 : 1.218346
0.000000