3
x0 : 1.200003
x1 : 1.199981
x2 : 1.200021
0.000000