9
x0 : 1.195502
x1 : 1.312529
x2 : 0.501077
x3 : 2.918451
x4 : -0.745466
x5 : 2.674514
x6 : -0.626610
x7 : 3.060824
x8 : 0.509489
0.000000