24
x0 : 1.201115
x1 : 1.174724
x2 : 1.305372
x3 : 1.129437
x4 : 1.187748
x5 : 0.741319
x6 : 1.714322
x7 : 1.052305
x8 : 2.136646
x9 : 0.683046
x10 : 1.038849
x11 : 1.082641
x12 : 0.575605
x13 : 0.948405
x14 : 2.153757
x15 : 0.693043
x16 : 1.010437
x17 : 2.332265
x18 : 0.732618
x19 : 1.441887
x20 : 1.274890
x21 : 0.910785
x22 : 0.904779
x23 : 1.373910
0.000000