12
x0 : 1.196568
x1 : 1.291344
x2 : 0.646764
x3 : 2.321204
x4 : 0.552233
x5 : 1.507283
x6 : -0.094211
x7 : 1.925192
x8 : 1.589094
x9 : 1.075964
x10 : 1.841395
x11 : 0.543737
0.000000