  x1  = 0.900000,  x2  = -1.000000,  x3  = 0.500000
f(x1) = 0.000000, f(x2) = 0.000000, f(x3) = -0.000000
info : 1

  x1  = 0.500000,  x2  = 1.000000,  x3  = -0.500000
f(x1) = 0.000000, f(x2) = 0.000000, f(x3) = -0.000000
info : 1
