  x1  = 0.000000,  x2  = 1.000000,  x3  = 2.000000
f(x1) = 0.000000, f(x2) = 0.000000, f(x3) = -0.000000
info : 1

  x1  = 1.224394,  x2  = -0.093133,  x3  = 1.868739
f(x1) = 0.000000, f(x2) = -0.000000, f(x3) = -0.000000
info : 1
