  x1  = -4.715734,  x2  = 3.846289,  x3  = 1.627917
f(x1) = 0.153791, f(x2) = 0.196176, f(x3) = 0.627922
info : 4

  x1  = -1.597368,  x2  = 3.821092,  x3  = -1.623551
f(x1) = -0.916200, f(x2) = 0.000000, f(x3) = -0.400721
info : 4
